W13049942201611271310O6 48100  0  0   60 46100 38 6  540Y    21   35121  6N
W13049942201611281310O3 56 59138  6   58 40100 36 2   80N    21  324121 12N
W13049942201611291310O0 61 20356 11   62 47 84 20 0    0N    21  583351 26N
W13049942201611301310O1 65 20190  3   65 46 37 18 0    0N    21  569197  8N
W13049942201612011310O2 63 23 15  4   65 45 61 20 0    0N    21  513350  8N
W13049942201612021310R1 56 16352 19   64 48 41 16 0    0N    21  569347 37N
W13049942201612031310O1 66  8326  9   66 47 20  8 0    0N    21  574330 19N
W13049942201612041310O0 75 12227  3   75 54 21  8 0    0N    21  566201  9N
W13049942201612051310O3 63 31214  1   75 44 64 12 0    0N    21  366184  6N
W13049942201612061310O3 56 61127  3   67 44 93 25 0    0N    21  155147  6N
W13049942201612071310O1 62 22318  8   62 45 97 22 0    0N    21  562354 16N
W13049942201612081310O2 64 38173  4   64 44 53 22 0    0N    21  522174  8N
W13049942201612091310O2 64 45157  2   66 44 85 37 0    0N    21  420137  6N
W13049942201612101310O2 66 53203  4   66 46 83 45 0    0N    21  483191  8N
W13049942201612111310O3 60 76226  2   66 51100 53 0    0N    21  142204  5N
W13049942201612121310O3 61 70162  1   61 52100 69 0    0N    21  174156  6N
W13049942201612131310O0 67 50159  2   67 50100 50 0    0N    21  490186  7N
W13049942201612141310R2 75 38181  3   75 48 92 38 0    0N    21  539178  7N
W13049942201612151310O3 68 43181  4   75 50 85 37 0    0N    21  220157  6N
W13049942201612161310O4 56 88212 15   68 49100 4317 3050N    21  425226 25N
W13049942201612171310O1 56 26 21  6   56 35 96 26 2  280N    21  557  1 20N
W13049942201612181310O0 55 14329 18   57 45 35 14 0    0N    21  565344 37N
W13049942201612191310O1 58 11335 20   58 48 16 11 0    0N    21  574325 37N
W13049942201612201310O0 67 10324 15   67 54 11  9 0    0N    21  514322 24N
W13049942201612211310R6 54 68329 15   67 54 68 10 1   10Y    21  119320 29N
W13049942201612221310R6 52 77327 11   57 47 82 4718 1380Y    21  118339 25N
W13049942201612231310O3 59 84222  6   59 48100 68 2   20N    21  233192 12N
W13049942201612241310O2 50 46231 10   59 44100 4610 1400Y    21  416252 20N
W13049942201612251310O1 52 31177  3   53 33 76 31 1   10N    21  543130 10N
W13049942201612261310O2 52 41324 19   52 40 64 31 0    0N    21  460348 32N
W13049942201612271310O0 61 22326 19   63 47 44 19 0    0N    21  552331 37N
W13049942201612281310R1 70 18325 16   70 56 30 18 0    0N    21  567341 32N
W13049942201612291310O1 69 21322 19   70 61 27 17 0    0N    21  557324 35N
W13049942201612301310R3 58 74 87  2   69 52 80 21 1   30N    21  151151  7N
W13049942201612311310O4 50100218  7   59 49100 6514  440Y    21   42225 12N
W13049942201701011310O3 50 71 80  3   53 39100 66 4  500N    21  284127  6N
W13049942201701021310O3 52 71160  4   52 43100 71 0    0N    21  278173  8N
W13049942201701031310R3 53 65211  2   53 42 99 65 0    0N    21  260124  6N
W13049942201701041310O3 57 63172  4   59 40 97 58 0    0N    21  339203 10N
W13049942201701051310R6 54100135  6   57 50100 6315 1060Y    21  131116  9N
W13049942201701061310O1 59 37329  7   59 47100 37 4  180N    21  565319 17N
W13049942201701071310O2 67 39 89  1   67 46 88 37 3   30N    21  446161  7N
W13049942201701081310O1 74 34206  6   75 50 82 31 0    0N    21  555189 11N
W13049942201701091310O6 53100148  5   74 50100 3411  800Y    21   52133 11N
W13049942201701101310R4 49100123  5   54 48100 97 2   20N    21   23108 10N
W13049942201701111310R3 58 88141  6   58 49100 8817 1760N    21  355152 21N
W13049942201701121310R8 47 99143  1   61 47100 54 9 1020Y    21   40 90 10N
W13049942201701131310R3 57 60 28  5   57 45100 6014 1080Y    21  322359 17N
W13049942201701141310R2 60 42319 16   62 49 69 40 0    0N    21  413319 35N
W13049942201701151310O2 59 60230  2   61 43 82 41 0    0N    21  442165  7N
W13049942201701161310R1 63 22 15 13   63 43 96 22 0    0N    21  589349 23N
W13049942201701171310R1 66 15326  8   66 48 29 15 0    0N    21  607 18 17N
W13049942201701181310O2 60 37220  5   66 39 69 15 0    0N    21  469213 10N
W13049942201701191310R2 56 61217  8   60 45100 37 8  750N    21  429202 18N
W13049942201701201310R8 46100147  9   56 45100 6122 1610Y    21   15149 16N
W13049942201701211310O2 52 60157  4   52 38100 60 4  790N    21  339194 10N
W13049942201701221310O8 45 99134  6   53 44100 5610  430Y    21   25126 12N
W13049942201701231310O6 42 99304  4   50 42100 9420 2880Y    21   55276 13N
W13049942201701241310O1 47 60128  2   52 38100 55 3  130Y    21  183144 10N
W13049942201701251310R1 56 34239  5   56 35 89 32 0    0N    21  615207 11N
W13049942201701261310R1 57 30  2 10   57 42 71 30 0    0N    21  619359 20N
W13049942201701271310O1 54 23356  9   57 44 41 23 0    0N    21  637 18 28N
W13049942201701281310O1 65 13324 23   65 49 25 13 0    0N    21  653323 42N
W13049942201701291310O0 70 14322 20   70 59 16 12 0    0N    21  644336 46N
W13049942201701301310O1 75 14325  8   75 60 21 14 0    0N    21  651332 17N
W13049942201701311310O1 75 17227  4   77 54 34 14 0    0N    21  654197 10N
W13049942201702011310R1 72 14153  6   76 44 67 13 0    0N    21  646123 11N
W13049942201702021310R2 66 26209  5   72 42 82 14 0    0N    21  598181 10N
W13049942201702031310O6 51 99288  2   66 48 99 26 2   80Y    21   78293  5N
W13049942201702041310O3 59 67244  2   61 49100 65 3   80N    21  307274  7N
W13049942201702051310O3 56 78 48  1   63 43 96 58 0    0N    21  346184  7N
W13049942201702061310O8 51100124  5   57 48100 7510  590Y    21   49141  9N
W13049942201702071310O5 57100168  6   58 5110010013  500Y    21  116197 18N
W13049942201702081310O3 63 84106  2   63 53100 84 8  230N    21  219 94  5N
W13049942201702091310O2 79 34201  2   79 53 96 34 0    0N    21  618174  9N
W13049942201702101310O3 64 72232  5   81 52100 32 0    0N    21  225281  8N
W13049942201702111310O3 62 71200  4   65 53100 67 9  360N    21  322169  8N
W13049942201702121310O0 66 36349 14   66 47100 36 0    0N    21  658349 34N
W13049942201702131310O2 73 25343 11   73 57 42 24 0    0N    21  651349 23N
W13049942201702141310O2 75 18357  8   75 50 76 17 0    0N    21  691 13 19N
W13049942201702151310O1 79 16206  2   79 59 27 14 0    0N    21  702122  9N
W13049942201702161310O3 70 24185  4   79 49 61 16 0    0N    21  429157 11N
W13049942201702171310O3 53 80152  9   70 51 86 24 0    0N    21   26179 21N
W13049942201702181310O3 56 71242  2   56 46100 7014 1620Y    21  316182  8N
W13049942201702191310O3 52 89109  2   57 48100 70 0    0Y    21   53108  8N
W13049942201702201310O3 60 70135  2   60 47100 70 7  170Y    21  365174  6N
W13049942201702211310O2 68 46193  5   68 53100 46 0    0N    21  587188 10N
W13049942201702221310O2 60 48197  8   68 50100 33 0    0N    21  566185 17N
W13049942201702231310O2 57 31234  5   60 42 97 31 1   10N    21  730202 12N
W13049942201702241310O2 60 25262  5   60 39 78 25 0    0N    21  733291 17N
W13049942201702251310O1 61 31187  3   61 36 87 22 0    0N    21  754207 12N
W13049942201702261310O3 51 73198  4   61 43100 27 5  110N    21  182199  7N
W13049942201702271310O6 50 98124  4   52 43 99 69 1   70Y    21  148177  8N
W13049942201702281310O1 60 46192  4   60 41100 46 5  150N    21  811195 12N
W13049942201703011310O0 67 19  7 14   67 45 79 19 0    0N    21  768 29 27N
W13049942201703021310O1 72 13347 15   72 57 19 13 0    0N    21  781333 27N
W13049942201703031310O2 79 11218  3   79 60 16 11 0    0N    21  761192  8N
W13049942201703041310O2 71 19206  6   79 47 59 11 0    0N    21  758160 14N
W13049942201703051310O3 53 74210 13   71 46100 18 0    0N    21  240209 25N
W13049942201703061310O0 62 21252  5   62 37100 21 2   90N    21  784321 14N
W13049942201703071310O0 71 20334 10   71 44 75 20 0    0N    21  708333 21N
W13049942201703081310O0 79 18325 13   79 57 36 18 0    0N    21  777336 26N
W13049942201703091310O2 87 13 91  4   87 65 23 13 0    0N    21  793 96  9N
W13049942201703101310O2 84 19201  4   87 55 58 12 0    0N    21  690248  9N
W13049942201703111310O0 87 14  9  5   87 51 61 14 0    0N    21  795  9 15N
W13049942201703121310O2 90 12 49  6   90 58 77 12 0    0N    21  804 77 15N
W13049942201703131310O2 91 10206  5   91 65 33 10 0    0N    21  816182 14N
W13049942201703141310O2 90 13223  4   92 61 63  8 0    0N    21  815211 11N
W13049942201703151310O2 87 18222  5   90 61 49 10 0    0N    21  796222 12N
W13049942201703161310O2 83 21205  5   87 58 58 18 0    0N    21  797182 11N
W13049942201703171310O2 87 19207  4   87 54 69 19 0    0N    21  810214  9N
W13049942201703181310O0 83 19154  6   87 53 85 18 0    0N    21  784150 12N
W13049942201703191310O0 85 16197  8   85 52 78 11 0    0N    21  806213 14N
W13049942201703201310O0 70 49233  4   85 50 98 16 0    0N    21  816227 10N
W13049942201703211310O3 62 69241  4   71 52 88 46 0    0N    21  156220 11N
W13049942201703221310O3 64 55209  7   65 54100 5013  490Y    21  532203 16N
W13049942201703231310O2 65 41178  3   65 48 97 41 0    0N    21  761179 12N
W13049942201703241310O2 69 32200  4   69 43 87 32 0    0N    21  828151 12N
W13049942201703251310O3 64 56192  4   71 48100 31 0    0N    21  463203 11N
W13049942201703261310O2 66 46223  6   66 50 96 46 0    0N    21  837209 12N
W13049942201703271310O2 68 41233  5   68 50 99 41 0    0N    21  805289 14N
W13049942201703281310O0 72 13337 11   72 51 61 13 0    0N    21  857331 27N
W13049942201703291310O0 85 12233  4   85 67 17 10 0    0N    21  868341 12N
W13049942201703301310O2 74 26199  9   85 51 62 12 0    0N    21  864182 17N
W13049942201703311310O2 71 17343  8   74 51 84 17 0    0N    21  859359 22N
W13049942201704011310O2 80 17 38 10   80 45 63 17 0    0N    21  870353 22N
W13049942201704021310O2 78 27190  5   82 52 63 15 0    0N    21  854170 14N
W13049942201704031310O0 70 34205  6   78 45 77 23 0    0N    21  866210 13N
W13049942201704041310O2 81 16228  4   81 47 98 15 0    0N    21  860258 12N
W13049942201704051310O2 84 11301  4   84 57 72 11 0    0N    21  866265 12N
W13049942201704061310O1 81 19224  7   85 55 55 11 0    0N    21  961205 18N
W13049942201704071310O2 77 14196  7   81 50 92 13 0    0N    21  863171 14N
W13049942201704081310O2 66 43202  7   77 49 95 11 1   20N    21  802221 17N
W13049942201704091310O2 72 14 24  5   72 47 71 14 0    0N    21  815  2 14N
W13049942201704101310O0 77 15233  6   77 46 54 13 0    0N    21  875281 12N
W13049942201704111310O2 77 14194  7   79 48 64 13 0    0N    21  794183 13N
W13049942201704121310O2 75 29201  6   77 47 64 14 0    0N    21  877200 15N
W13049942201704131310O3 68 48215  9   76 54 95 29 0    0N    21  460191 20N
W13049942201704141310O2 69 38196  7   69 43 92 38 0    0N    21  890172 17N
W13049942201704151310O2 82 19204  8   82 45 70 19 0    0N    21  907275 14N
W13049942201704161310O0 80 18201  4   82 51 64 18 0    0N    21  919238 13N
W13049942201704171310O1 76 32177  5   80 48 73 16 0    0N    21  905204 14N
W13049942201704181310O2 74 46203  8   77 58 96 32 0    0N    21  721199 16N
W13049942201704191310O2 76 36217  8   76 50 97 32 0    0N    21  905221 15N
W13049942201704201310O2 80 26236  6   80 49 80 26 0    0N    21  916198 19N
W13049942201704211310O2 88 11 23  7   88 63 47 11 0    0N    21  928 37 17N
W13049942201704221310O2 92 10203  6   92 68 20 10 0    0N    21  936247 13N
W13049942201704231310O0 82 21205  8   92 55 59 10 0    0N    21  931275 19N
W13049942201704241310O3 66 56206  3   82 52 97 21 0    0N    21  387231  8N
W13049942201704251310O3 68 43193  3   68 50 92 43 0    0N    21  520204 12N
W13049942201704261310O2 79 29171  5   79 51 77 29 0    0N    21  895183 13N
W13049942201704271310O2 77 40217  6   79 51 93 29 0    0N    21  754245 12N
W13049942201704281310O2 79 12335 12   79 55 67 12 0    0N    21  937329 25N
W13049942201704291310O2 79  8 43 11   81 58 18  8 0    0N    21  956 19 29N
W13049942201704301310O0 86  8213  4   86 58 19  6 0    0N    21  953216 14N
W13049942201705011310O2 89 13225  7   89 55 35  8 0    0N    21  934196 16N
W13049942201705021310O2 91 18205  8   91 57 52 12 0    0N    21  925218 15N
W13049942201705031310O2 92 26207  5   92 56 66 17 0    0N    21  910276 13N
W13049942201705041310O2 94 23214  8   94 57 75 21 0    0N    21  908224 17N
W13049942201705051310O2 81 36210  5   94 55 90 21 0    0N    21  863208 12N
W13049942201705061310O3 59 76233  5   81 55100 36 2   20N    21  111257 12N
W13049942201705071310O6 51 71 28  9   59 42100 5410  600Y    21  391 31 19N
W13049942201705081310O0 75 26248  6   75 41100 25 2   30N    21  940272 16N
W13049942201705091310O2 72 45217  5   75 51 90 26 0    0N    21  931179 13N
W13049942201705101310O3 61 72150  2   72 53100 45 0    0N    21  123278  6N
W13049942201705111310O2 78 43185  5   78 51 98 43 0    0N    21  923205 11N
W13049942201705121310O2 78 33222  6   79 51 98 33 0    0N    21  943189 13N
W13049942201705131310O2 74 37235  6   78 51 97 31 0    0N    21  939200 17N
W13049942201705141310O0 72 31199  6   75 47 83 31 0    0N    21  944213 16N
W13049942201705151310O3 55 72284  6   73 51 75 26 0    0N    21  438260 16N
W13049942201705161310O3 61 53205  4   61 50 79 50 0    0N    21  405252 12N
W13049942201705171310O3 55 75182  3   61 51 85 53 0    0N    21   92181  6N
W13049942201705181310O2 79 20215  9   82 47 99 13 0    0N    21  945265 20N
W13049942201705191310O2 86  9 14  9   86 57 68  9 0    0N    21  968344 20N
W13049942201705201310O2 93 11196  7   93 57 42  8 0    0N    21  952198 17N
W13049942201705211310O2 94 15234  8   94 68 28 10 0    0N    21  959205 17N
W13049942201705221310O0 93 20204  5   94 59 51 14 0    0N    21  947211 12N
W13049942201705231310O0 96 22225  7   96 60 70 18 0    0N    21  942191 14N
W13049942201705241310O2 86 17201  4   96 59 71 17 0    0N    21  955209 13N
W13049942201705251310O2 69 47248  7   86 56 88 17 0    0N    21  931246 16N
W13049942201705261310O0 70 42306  4   71 55 81 42 0    0N    21  916275 13N
W13049942201705271310O0 76 39205  5   76 51 85 39 0    0N    21  939215 13N
W13049942201705281310O0 85 30204  5   85 51 89 30 0    0N    21  931179 11N
W13049942201705291310O2 81 40213  5   86 53 89 26 0    0N    21  937216 11N
W13049942201705301310O2 82 43237  6   84 52 97 33 0    0N    21  927193 12N
W13049942201705311310O3 75 54266  2   82 57 92 42 0    0N    21  659247 10N
W13049942201706011310O2 76 53208  7   76 58 90 53 0    0N    21  913247 14N
W13049942201706021310O2 90 27163  5   90 55 94 27 0    0N    21  918173 12N
W13049942201706031310O2 94 22211  6   94 58 84 22 0    0N    21  943218 14N
W13049942201706041310O2 89 33202  6   95 57 93 19 0    0N    21  878211 12N
W13049942201706051310O2 89 32220  5   89 56 86 30 0    0N    21  941232 12N
W13049942201706061310O2 85 42211  5   89 54 97 32 0    0N    21  920193 12N
W13049942201706071310O2 83 41180  6   85 59 93 41 0    0N    21  941200 12N
W13049942201706081310O2 79 39224  4   84 60 90 37 0    0N    21  943202 12N
W13049942201706091310O2 79 40210  7   80 53 95 38 0    0N    21  904209 17N
W13049942201706101310O2 76 42201  6   80 60 90 40 0    0N    21  875219 15N
W13049942201706111310O3 68 50232  8   76 54 99 42 0    0N    21  634250 16N
W13049942201706121310O2 73 34175  6   73 53 89 34 0    0N    21  934212 14N
W13049942201706131310O2 84 22201  6   84 51 73 22 0    0N    21  945197 14N
W13049942201706141310O2 93 17220  6   93 55 63 17 0    0N    21  944204 14N
W13049942201706151310O2 95 17211  4   95 60 56 16 0    0N    21  954219 13N
W13049942201706161310O2 98 15208  6   98 63 47 14 0    0N    21  947208 12N
W13049942201706171310O2 97 16219  4   99 62 59 15 0    0N    21  955207 12N
W13049942201706181310O0 98 20212  6   98 64 53 16 0    0N    21  932235 13N
W13049942201706191310O0 98 25199  6   99 65 64 20 0    0N    21  918199 12N
W13049942201706201310O2104 11200  4  104 68 67 11 0    0N    21  942196 12N
W13049942201706211310O2104 17226  6  104 67 65 10 0    0N    21  953198 13N
W13049942201706221310O2 94 29200  5  104 64 61 17 0    0N    21  925201 12N
W13049942201706231310O2 94 31202  7   94 59 92 26 0    0N    21  906203 13N
W13049942201706241310O2 94 34214  5   94 66 79 31 0    0N    21  910197 12N
W13049942201706251310O2105 18193  6  105 65 81 18 0    0N    21  939195 12N
W13049942201706261310O2101 15213  9  107 73 57 10 0    0N    21  943227 21N
W13049942201706271310O2 96 12211  5  101 66 33 10 0    0N    21  968213 14N
W13049942201706281310O2 92 13196  6   96 59 57  9 0    0N    21  958182 16N
W13049942201706291310O2 87 30204  4   92 55 86 13 0    0N    21  917240 13N
W13049942201706301310O2 88 36223  5   88 55 93 30 0    0N    21  923200 13N
W13049942201707011310O2 87 38189  6   88 58 91 35 0    0N    21  925212 12N
W13049942201707021310O0 90 24193  5   90 55 96 24 0    0N    21  945220 13N
W13049942201707031310O2 95  9181  5   95 57 76  9 0    0N    21  962178 13N
W13049942201707041310O2 97 18221  4   97 63 57  7 0    0N    21  916227 12N
W13049942201707051310O2 99 16190  6   99 66 46 13 0    0N    21  886151 12N
W13049942201707061310O2101 19221  4  101 68 60 15 0    0N    21  894208 11N
W13049942201707071310O2108 17234  7  108 74 57 17 0    0N    21  894199 13N
W13049942201707081310O2107 17206  6  108 76 51 15 0    0N    21  874206 16N
W13049942201707091310O2101 24217  6  108 75 59 17 0    0N    21  868188 16N
W13049942201707101310O0 96 24200  7  101 72 57 22 0    0N    21  898193 15N
W13049942201707111310O0 93 31209  6   96 67 73 24 0    0N    21  886264 13N
W13049942201707121310O2 91 36202  6   93 65 79 31 0    0N    21  870192 14N
W13049942201707131310O2 94 29201  5   94 65 75 27 0    0N    21  897186 11N
W13049942201707141310O2 95 27207  5   95 64 66 25 0    0N    21  896191 13N
W13049942201707151310O2100 20199  7  101 69 62 20 0    0N    21  930191 16N
W13049942201707161310O2 98 28211  8  100 69 72 20 0    0N    21  916212 18N
W13049942201707171310O2 94 33211  6   99 67 81 28 0    0N    21  878206 14N
W13049942201707181310O2 95 33206  7   95 65 85 29 0    0N    21  874165 15N
W13049942201707191310O2 92 35187  7   95 68 78 33 0    0N    21  862181 14N
W13049942201707201310O2 93 26201  5   94 64 83 26 0    0N    21  902196 14N
W13049942201707211310O0 93 17204  5   95 61 81 17 0    0N    21  938201 12N
W13049942201707221310O2 96 25198  7   96 64 81 17 0    0N    21  897178 11N
W13049942201707231310O2 95 22206  6   98 65 84 20 0    0N    21  881219 11N
W13049942201707241310O3 83 41337  2   96 65 80 21 0    0N    21  483203  7N
W13049942201707251310O2 90 35207  6   90 66 83 35 0    0N    21  885201 12N
W13049942201707261310O2 95 35211  6   95 64 83 35 0    0N    21  882225 12N
W13049942201707271310O2 99 23210  4   99 65 85 23 0    0N    21  932179 13N
W13049942201707281310O2 96 24214  7   99 63 74 20 0    0N    21  906212 16N
W13049942201707291310O0 96 25215  4   96 62 85 24 0    0N    21  905169 12N
W13049942201707301310O0 92 31215  4   96 61 93 23 0    0N    21  880191 11N
W13049942201707311310O2 95 34216  6   95 63 90 31 0    0N    21  876198 12N
W13049942201708011310O3100 27212  4  102 73 67 25 0    0N    21  358206 10N
W13049942201708021310O3 88 50357  6  104 75 88 23 1  240N    21  360 10  9N
W13049942201708031310O2 97 37208  6   97 76 76 36 0    0N    21  661178 14N
W13049942201708041310O2 93 35175  6   98 70 82 34 0    0N    21  885211 15N
W13049942201708051310O2 91 29234  3   94 66 79 29 0    0N    21  886198 13N
W13049942201708061310O2 89 34251  6   92 63 89 29 0    0N    21  890243 11N
W13049942201708071310O2 91 38190  5   91 64 88 34 0    0N    21  888214 13N
W13049942201708081310O2 97 15205  5   97 66 78 15 0    0N    21  920189 13N
W13049942201708091310O2 94 16193  4   98 64 76 13 0    0N    21  945182 12N
W13049942201708101310O2 96 21228  5   96 66 70 14 0    0N    21  910196 12N
W13049942201708111310O2 97 29218  7   97 67 77 21 0    0N    21  880199 15N
W13049942201708121310O2 96 20180  5   98 65 64 20 0    0N    21  915211 11N
W13049942201708131310O0 94 15164  5   98 58 89 15 0    0N    21  938184 14N
W13049942201708141310O0 88 23210  7   95 60 91 15 0    0N    21  908186 13N
W13049942201708151310O0 78 46200  6   89 61 93 23 0    0N    21  889270 15N
W13049942201708161310O2 81 35223  4   81 59 92 35 0    0N    21  879200 12N
W13049942201708171310O2 86 35207  6   86 59 87 32 0    0N    21  864219 14N
W13049942201708181310O2 89 33217  6   89 61 83 31 0    0N    21  867216 12N
W13049942201708191310O2 88 33214  5   90 62 83 33 0    0N    21  880203 13N
W13049942201708201310O2 90 22199  6   90 58 90 21 0    0N    21  904191 11N
W13049942201708211310O2 88 29186  4   91 58 96 20 0    0N    21  881197 12N
W13049942201708221310O0 95 26202  7   95 60 83 26 0    0N    21  870219 15N
W13049942201708231310O2 86 42214  6   96 61 87 24 0    0N    21  850178 13N
W13049942201708241310O2 88 39201  6   88 61 93 39 0    0N    21  843209 11N
W13049942201708251310O2 90 40208  5   90 61 91 37 0    0N    21  843195 12N
W13049942201708261310O2101 20196  6  101 64 88 20 0    0N    21  865222 15N
W13049942201708271310O1102 21203  7  102 67 73 17 0    0N    21  858202 14N
W13049942201708281310O0109 13179  7  109 73 51 13 0    0N    21  858220 16N
W13049942201708291310O2108 16212  8  109 82 45 13 0    0N    21  849222 15N
W13049942201708301310O2109 14213  8  109 76 41 13 0    0N    21  842211 16N
W13049942201708311310O2108 12190  6  109 84 39 12 0    0N    21  877320 16N
W13049942201709011310O3103 16  4  8  109 76 69 12 3  260N    21  601355 24N
W13049942201709021310O2104 20197  6  107 80 41 12 0    0N    21  655231 15N
W13049942201709031310O3 96 31191  7  104 77 59 20 0    0N    21  581189 13N
W13049942201709041310O2 92 41218  6   96 70 95 31 0    0N    21  734210 13N
W13049942201709051310O1 88 44219  5   92 66 96 40 0    0N    21  525194 12N
W13049942201709061310O2 93 34200  5   93 68 84 34 0    0N    21  811199 12N
W13049942201709071310O2 95 14187  5   95 62 73 14 0    0N    21  845224 11N
W13049942201709081310O2 92 23211  6   95 64 71 14 0    0N    21  728235 14N
W13049942201709091310O2 90 31229  5   93 62 92 23 0    0N    21  846216 16N
W13049942201709101310O2 99 21 46  8   99 68 62 21 0    0N    21  841 35 17N
W13049942201709111310O2 98 22269  4   99 68 80 21 2  160N    21  669226 11N
W13049942201709121310O2 90 34219  5  100 67 78 18 0    0N    21  640200 11N
W13049942201709131310O2 84 46223  5   90 61 92 33 0    0N    21  820193 14N
W13049942201709141310O3 70 54188  2   84 57 91 43 0    0N    21  371198  9N
W13049942201709151310O3 74 49168  4   74 61 87 49 0    0N    21  497180 14N
W13049942201709161310O2 77 50242  3   77 58 91 47 0    0N    21  790226 11N
W13049942201709171310O1 77 52222  5   80 60 97 45 0    0N    21  799191 12N
W13049942201709181310O0 82 42217  5   82 55 97 42 0    0N    21  801208 13N
W13049942201709191310O0 75 48212  5   82 58100 40 1   10N    21  760223 14N
W13049942201709201310O3 70 57194  5   76 61 92 48 0    0N    21  305190  8N
W13049942201709211310O3 67 71226  7   74 59 98 49 4  100N    21  368211 17N
W13049942201709221310O2 71 37253  5   71 50 91 37 0    0N    21  792153 14N
W13049942201709231310O0 74 39217  9   74 52 86 35 0    0N    21  785205 16N
W13049942201709241310O0 81 12359  8   81 53 84 12 0    0N    21  801 11 16N
W13049942201709251310O0 83 10356 13   83 66 19 10 0    0N    21  802341 27N
W13049942201709261310O2 86 11 15 11   86 64 22 10 0    0N    21  787352 23N
W13049942201709271310O2 90  9  5 11   90 62 49  9 0    0N    21  788354 24N
W13049942201709281310O2 93  8347  6   93 65 42  8 0    0N    21  787  2 16N
W13049942201709291310O2 93 10225  8   93 63 26  8 0    0N    21  772265 16N
W13049942201709301310O0 87 24213  6   93 62 42 10 0    0N    21  753204 17N
W13049942201710011310O0 78 40206  5   87 54 94 23 0    0N    21  737206 13N
W13049942201710021310O0 76 42233  6   80 55 96 34 0    0N    21  739202 13N
W13049942201710031310O2 73 44179  8   77 57 90 37 0    0N    21  537162 16N
W13049942201710041310O2 84 11350  7   84 49 92 11 0    0N    21  766341 20N
W13049942201710051310O2 88 14249  4   88 55 43 10 0    0N    21  748263 11N
W13049942201710061310O2 92  6  7 12   92 66 27  6 0    0N    21  765  1 29N
W13049942201710071310O2 95  6212  6   95 78 10  5 0    0N    21  757199 13N
W13049942201710081310O2 85 14225  5   95 59 31  6 0    0N    21  732187 12N
W13049942201710091310O2 78  6 12 17   85 56 96  6 0    0N    21  755 14 42N
W13049942201710101310O2 86  6157  4   86 67  9  6 0    0N    21  738183  9N
W13049942201710111310O2 82 21205  8   87 54 35  6 0    0N    21  713200 13N
W13049942201710121310O2 78 30200  6   83 49 90 21 0    0N    21  688192 13N
W13049942201710131310O2 85 19232  3   85 53 88 19 0    0N    21  709189  9N
W13049942201710141310O0 88  6342 12   88 57 66  6 0    0N    21  717  1 23N
W13049942201710151310O0 88  5332 12   88 72  9  5 0    0N    21  715332 21N
W13049942201710161310O0 94  6323  8   94 75  7  5 0    0N    21  703326 21N
W13049942201710171310O2 94  7226  6   95 77  9  5 0    0N    21  646200 14N
W13049942201710181310O2 91 15212  5   94 67 29  7 0    0N    21  651175 13N
W13049942201710191310O2 79 37199  4   91 57 70 15 0    0N    21  611213 14N
W13049942201710201310O3 66 59209  6   79 60 91 37 0    0N    21   84220 12N
W13049942201710211310O2 79 13 12 10   79 55 87 13 0    0N    21  663 13 21N
W13049942201710221310O0 89  9  6  8   89 72 13  9 0    0N    21  662347 21N
W13049942201710231310O0 95  8352 14   95 81 16  7 0    0N    21  666  4 28N
W13049942201710241310O0 93 11330 14   96 81 18  8 0    0N    21  656352 30N
W13049942201710251310O2 97  7138  4   97 81 13  7 0    0N    21  655336 12N
W13049942201710261310O2 92 10200  5   97 68 20  7 0    0N    21  642217 11N
W13049942201710271310O2 92 13227  5   92 63 24  9 0    0N    21  629204 11N
W13049942201710281310O0 92 13215  6   92 67 56 10 0    0N    21  627233 12N
W13049942201710291310O0 81 35207  6   92 58 62 13 0    0N    21  613188 11N
W13049942201710301310O3 63 65238  3   81 58 97 35 0    0N    21  162194  8N
W13049942201710311310O3 65 61269  1   65 56 95 59 1   10N    21  223138  6N
W13049942201711011310O1 70 46239  3   70 54 92 46 0    0N    21  593171 11N
W13049942201711021310O3 62 68238  8   70 57 90 44 0    0N    21  307220 18N
W13049942201711031310O3 63 52147  2   63 53 84 52 0    0N    21  181139  9N
W13049942201711041310O3 68 46320  4   68 48 84 45 0    0N    21  350216 10N
W13049942201711051310O3 63 70168  5   69 55100 44 5   70N    21  174129 14N
W13049942201711061310R2 71 41167  4   71 51 98 41 0    0N    21  564139 10N
W13049942201711071310O2 73 39203  3   74 53 87 39 0    0N    21  481188  9N
W13049942201711081310O2 76 40209  5   76 54 83 39 0    0N    21  570193 12N
W13049942201711091310O2 70 50237  4   76 52 99 40 0    0N    21  550228 11N
W13049942201711101310O2 66 58204  3   70 48100 49 0    0N    21  550265  9N
W13049942201711111310O0 74 34201  4   74 46 97 34 0    0N    21  578194 11N
W13049942201711121310O3 68 47207  3   74 51 67 22 0    0N    21  217186  7N
W13049942201711131310O2 73 25126  1   73 49 85 25 0    0N    21  322159  8N
W13049942201711141310O0 78 13200  4   78 52 39 13 0    0N    21  535212  9N
W13049942201711151310O3 78 22153  3   79 55 44 13 0    0N    21  391143 10N
W13049942201711161310O3 78 27189  4   80 58 50 18 0    0N    21  374178 10N
W13049942201711171310O2 70 44199  4   78 57 63 27 0    0N    21  496198 10N
W13049942201711181310O2 72 12331 13   72 54 93 12 0    0N    21  557337 25N
W13049942201711191310O2 75  6324 10   76 59 15  5 0    0N    21  510321 18N
W13049942201711201310O2 75 12187  2   75 51 18  5 0    0N    21  460207 10N
W13049942201711211310O2 87 12336 11   87 60 23  8 0    0N    21  490317 26N
W13049942201712081310R3 68 19325  3   71 68 23 19 0    0N    21  229214  6N
W13049942201712091310R2 76 20191  2   77 57 29 14 0    0N    21  432185  7N
W13049942201712101310R3 75 21189  2   77 61 21 12 0    0N    21  245182  8N
W13049942201712111310R2 77 20192  4   77 59 25 13 0    0N    21  454191  9N
W13049942201712121310R3 73 13310  1   79 59 26 10 0    0N    21  137263  6N
W13049942201712131310R2 78 11201  3   78 59 15  9 0    0N    21  404194  7N
W13049942201712141310R3 75 19249  1   78 50 44 11 0    0N    21  271287  5N
W13049942201712151310R2 78 11271  5   80 66 34  8 0    0N    21  508263  9N
W13049942201712161310R3 63 39215  2   79 54 78 10 0    0N    21  206173  7N
W13049942201712171310R2 69 30238  3   71 55 44 22 0    0N    21  432248  7N
W13049942201712181310R2 68 30271  3   70 56 37 19 0    0N    21  505194  7N
